Yokobo Emotion Distribution
"[0.0, 0.0, 0.0, 0.0]"
"[0.0, 0.0, 0.0, 0.0]"
"[0.0, 0.0, 0.0, 0.0]"
"[0.0, 0.0, 0.0, 0.0]"
"[0.0, 0.0, 0.0, 0.0]"
"[0.0, 0.0, 0.0, 0.0]"
"[0.0, 0.0, 0.0, 0.0]"
"[0.0, 0.0, 0.0, 0.0]"
"[1.0, 0.0, 0.0, 0.0]"
"[0.9090909090909091, 0.0, 0.09090909090909091, 0.0]"
"[0.8333333333333334, 0.0, 0.16666666666666666, 0.0]"
"[0.7692307692307693, 0.0, 0.23076923076923078, 0.0]"
"[0.7142857142857143, 0.0, 0.2857142857142857, 0.0]"
"[0.6666666666666666, 0.0, 0.3333333333333333, 0.0]"
"[0.625, 0.0, 0.375, 0.0]"
"[0.5882352941176471, 0.0, 0.4117647058823529, 0.0]"
"[0.5555555555555556, 0.0, 0.4444444444444444, 0.0]"
"[0.5263157894736842, 0.0, 0.47368421052631576, 0.0]"
"[0.5, 0.0, 0.5, 0.0]"
"[0.47619047619047616, 0.0, 0.5238095238095238, 0.0]"
"[0.45454545454545453, 0.0, 0.5454545454545454, 0.0]"
"[0.43478260869565216, 0.0, 0.5652173913043478, 0.0]"
"[0.4166666666666667, 0.0, 0.5833333333333334, 0.0]"
"[0.4, 0.04, 0.56, 0.0]"
"[0.38461538461538464, 0.07692307692307693, 0.5384615384615384, 0.0]"
"[0.37037037037037035, 0.1111111111111111, 0.5185185185185185, 0.0]"
"[0.35714285714285715, 0.14285714285714285, 0.5, 0.0]"
"[0.3448275862068966, 0.1724137931034483, 0.4827586206896552, 0.0]"
"[0.3333333333333333, 0.2, 0.4666666666666667, 0.0]"
"[0.3225806451612903, 0.1935483870967742, 0.4838709677419355, 0.0]"
"[0.3125, 0.21875, 0.46875, 0.0]"
"[0.30303030303030304, 0.21212121212121213, 0.48484848484848486, 0.0]"
"[0.29411764705882354, 0.23529411764705882, 0.47058823529411764, 0.0]"
"[0.2857142857142857, 0.2571428571428571, 0.45714285714285713, 0.0]"
"[0.2777777777777778, 0.2777777777777778, 0.4444444444444444, 0.0]"
"[0.2702702702702703, 0.2972972972972973, 0.43243243243243246, 0.0]"
"[0.2631578947368421, 0.3157894736842105, 0.42105263157894735, 0.0]"
"[0.2564102564102564, 0.3333333333333333, 0.41025641025641024, 0.0]"
"[0.25, 0.35, 0.4, 0.0]"
"[0.24390243902439024, 0.34146341463414637, 0.4146341463414634, 0.0]"
"[0.23809523809523808, 0.35714285714285715, 0.40476190476190477, 0.0]"
"[0.23255813953488372, 0.3488372093023256, 0.4186046511627907, 0.0]"
"[0.22727272727272727, 0.36363636363636365, 0.4090909090909091, 0.0]"
"[0.2222222222222222, 0.35555555555555557, 0.4222222222222222, 0.0]"
"[0.21739130434782608, 0.3695652173913043, 0.41304347826086957, 0.0]"
"[0.2127659574468085, 0.3617021276595745, 0.425531914893617, 0.0]"
"[0.20833333333333334, 0.375, 0.4166666666666667, 0.0]"
"[0.20408163265306123, 0.3877551020408163, 0.40816326530612246, 0.0]"
"[0.2, 0.4, 0.4, 0.0]"
"[0.19607843137254902, 0.4117647058823529, 0.39215686274509803, 0.0]"
"[0.19230769230769232, 0.4230769230769231, 0.38461538461538464, 0.0]"
"[0.18867924528301888, 0.4339622641509434, 0.37735849056603776, 0.0]"
"[0.18518518518518517, 0.4444444444444444, 0.37037037037037035, 0.0]"
"[0.18181818181818182, 0.43636363636363634, 0.38181818181818183, 0.0]"
"[0.17857142857142858, 0.44642857142857145, 0.375, 0.0]"
"[0.17543859649122806, 0.45614035087719296, 0.3684210526315789, 0.0]"
"[0.1724137931034483, 0.4482758620689655, 0.3793103448275862, 0.0]"
"[0.1694915254237288, 0.4576271186440678, 0.3728813559322034, 0.0]"
"[0.16666666666666666, 0.45, 0.38333333333333336, 0.0]"
"[0.16393442622950818, 0.45901639344262296, 0.3770491803278688, 0.0]"
"[0.16129032258064516, 0.46774193548387094, 0.3709677419354839, 0.0]"
"[0.15873015873015872, 0.47619047619047616, 0.36507936507936506, 0.0]"
"[0.15625, 0.484375, 0.359375, 0.0]"
"[0.15384615384615385, 0.47692307692307695, 0.36923076923076925, 0.0]"
"[0.15151515151515152, 0.48484848484848486, 0.36363636363636365, 0.0]"
"[0.14925373134328357, 0.4925373134328358, 0.3582089552238806, 0.0]"
"[0.14705882352941177, 0.5, 0.35294117647058826, 0.0]"
"[0.14492753623188406, 0.5072463768115942, 0.34782608695652173, 0.0]"
"[0.14285714285714285, 0.5142857142857142, 0.34285714285714286, 0.0]"
"[0.14084507042253522, 0.5211267605633803, 0.3380281690140845, 0.0]"
"[0.1388888888888889, 0.5277777777777778, 0.3333333333333333, 0.0]"
"[0.136986301369863, 0.5342465753424658, 0.3287671232876712, 0.0]"
"[0.13513513513513514, 0.5405405405405406, 0.32432432432432434, 0.0]"
"[0.13333333333333333, 0.5466666666666666, 0.32, 0.0]"
"[0.13157894736842105, 0.5526315789473685, 0.3157894736842105, 0.0]"
"[0.12987012987012986, 0.5584415584415584, 0.3116883116883117, 0.0]"
"[0.1282051282051282, 0.5641025641025641, 0.3076923076923077, 0.0]"
"[0.12658227848101267, 0.569620253164557, 0.3037974683544304, 0.0]"
"[0.125, 0.575, 0.3, 0.0]"
"[0.12345679012345678, 0.5802469135802469, 0.2962962962962963, 0.0]"
"[0.12195121951219512, 0.5853658536585366, 0.2926829268292683, 0.0]"
"[0.12048192771084337, 0.5903614457831325, 0.2891566265060241, 0.0]"
"[0.11904761904761904, 0.5952380952380952, 0.2857142857142857, 0.0]"
"[0.11764705882352941, 0.6, 0.2823529411764706, 0.0]"
"[0.11627906976744186, 0.6046511627906976, 0.27906976744186046, 0.0]"
"[0.11494252873563218, 0.6091954022988506, 0.27586206896551724, 0.0]"
"[0.11363636363636363, 0.6136363636363636, 0.2727272727272727, 0.0]"
"[0.11235955056179775, 0.6179775280898876, 0.2696629213483146, 0.0]"
"[0.1111111111111111, 0.6222222222222222, 0.26666666666666666, 0.0]"
"[0.10989010989010989, 0.6263736263736264, 0.26373626373626374, 0.0]"
"[0.10869565217391304, 0.6304347826086957, 0.2608695652173913, 0.0]"
"[0.10752688172043011, 0.6344086021505376, 0.25806451612903225, 0.0]"
"[0.10638297872340426, 0.6382978723404256, 0.2553191489361702, 0.0]"
"[0.10526315789473684, 0.6421052631578947, 0.25263157894736843, 0.0]"
"[0.10416666666666667, 0.6458333333333334, 0.25, 0.0]"
"[0.10309278350515463, 0.6494845360824743, 0.24742268041237114, 0.0]"
"[0.10204081632653061, 0.6530612244897959, 0.24489795918367346, 0.0]"
"[0.10101010101010101, 0.6565656565656566, 0.24242424242424243, 0.0]"
"[0.1, 0.66, 0.24, 0.0]"
"[0.09900990099009901, 0.6633663366336634, 0.2376237623762376, 0.0]"
"[0.09803921568627451, 0.6666666666666666, 0.23529411764705882, 0.0]"
"[0.0970873786407767, 0.6699029126213593, 0.23300970873786409, 0.0]"
"[0.09615384615384616, 0.6730769230769231, 0.23076923076923078, 0.0]"
"[0.09523809523809523, 0.6761904761904762, 0.22857142857142856, 0.0]"
"[0.09433962264150944, 0.6792452830188679, 0.22641509433962265, 0.0]"
"[0.09345794392523364, 0.6822429906542056, 0.22429906542056074, 0.0]"
"[0.09259259259259259, 0.6851851851851852, 0.2222222222222222, 0.0]"
"[0.09174311926605505, 0.6880733944954128, 0.22018348623853212, 0.0]"
"[0.09090909090909091, 0.6909090909090909, 0.21818181818181817, 0.0]"
"[0.09009009009009009, 0.6936936936936937, 0.21621621621621623, 0.0]"
"[0.08928571428571429, 0.6964285714285714, 0.21428571428571427, 0.0]"
"[0.08849557522123894, 0.6991150442477876, 0.21238938053097345, 0.0]"
"[0.08771929824561403, 0.7017543859649122, 0.21052631578947367, 0.0]"
"[0.08695652173913043, 0.7043478260869566, 0.20869565217391303, 0.0]"
"[0.08620689655172414, 0.7068965517241379, 0.20689655172413793, 0.0]"
"[0.08547008547008547, 0.7094017094017094, 0.20512820512820512, 0.0]"
"[0.0847457627118644, 0.711864406779661, 0.2033898305084746, 0.0]"
"[0.08403361344537816, 0.7142857142857143, 0.20168067226890757, 0.0]"
"[0.08333333333333333, 0.7166666666666667, 0.2, 0.0]"
"[0.08264462809917356, 0.71900826446281, 0.19834710743801653, 0.0]"
"[0.08196721311475409, 0.7213114754098361, 0.19672131147540983, 0.0]"
"[0.08130081300813008, 0.7235772357723578, 0.1951219512195122, 0.0]"
"[0.08064516129032258, 0.7258064516129032, 0.1935483870967742, 0.0]"
"[0.08, 0.728, 0.192, 0.0]"
"[0.07936507936507936, 0.7301587301587301, 0.19047619047619047, 0.0]"
"[0.07874015748031496, 0.7322834645669292, 0.1889763779527559, 0.0]"
"[0.078125, 0.734375, 0.1875, 0.0]"
"[0.07751937984496124, 0.7364341085271318, 0.18604651162790697, 0.0]"
"[0.07692307692307693, 0.7384615384615385, 0.18461538461538463, 0.0]"
"[0.07633587786259542, 0.7404580152671756, 0.183206106870229, 0.0]"
"[0.07575757575757576, 0.7424242424242424, 0.18181818181818182, 0.0]"
"[0.07518796992481203, 0.7443609022556391, 0.18045112781954886, 0.0]"
"[0.07462686567164178, 0.746268656716418, 0.1791044776119403, 0.0]"
"[0.07407407407407407, 0.7481481481481481, 0.17777777777777778, 0.0]"
"[0.07352941176470588, 0.75, 0.17647058823529413, 0.0]"
"[0.072992700729927, 0.7518248175182481, 0.17518248175182483, 0.0]"
"[0.07246376811594203, 0.7536231884057971, 0.17391304347826086, 0.0]"
"[0.07194244604316546, 0.7553956834532374, 0.17266187050359713, 0.0]"
"[0.07142857142857142, 0.7571428571428571, 0.17142857142857143, 0.0]"
"[0.07092198581560284, 0.7588652482269503, 0.1702127659574468, 0.0]"
"[0.07042253521126761, 0.7605633802816901, 0.16901408450704225, 0.0]"
"[0.06993006993006994, 0.7622377622377622, 0.16783216783216784, 0.0]"
"[0.06944444444444445, 0.7638888888888888, 0.16666666666666666, 0.0]"
"[0.06896551724137931, 0.7655172413793103, 0.16551724137931034, 0.0]"
"[0.0684931506849315, 0.7671232876712328, 0.1643835616438356, 0.0]"
"[0.06802721088435375, 0.7687074829931972, 0.16326530612244897, 0.0]"
"[0.06756756756756757, 0.7702702702702703, 0.16216216216216217, 0.0]"
"[0.06711409395973154, 0.7718120805369127, 0.1610738255033557, 0.0]"
"[0.06666666666666667, 0.7733333333333333, 0.16, 0.0]"
"[0.06622516556291391, 0.7748344370860927, 0.15894039735099338, 0.0]"
"[0.06578947368421052, 0.7763157894736842, 0.15789473684210525, 0.0]"
"[0.06535947712418301, 0.7777777777777778, 0.1568627450980392, 0.0]"
"[0.06493506493506493, 0.7792207792207793, 0.15584415584415584, 0.0]"
"[0.06451612903225806, 0.7806451612903226, 0.15483870967741936, 0.0]"
"[0.0641025641025641, 0.782051282051282, 0.15384615384615385, 0.0]"
"[0.06369426751592357, 0.7834394904458599, 0.15286624203821655, 0.0]"
"[0.06329113924050633, 0.7848101265822784, 0.1518987341772152, 0.0]"
"[0.06289308176100629, 0.7861635220125787, 0.1509433962264151, 0.0]"
"[0.0625, 0.7875, 0.15, 0.0]"
"[0.062111801242236024, 0.7888198757763976, 0.14906832298136646, 0.0]"
"[0.06172839506172839, 0.7901234567901234, 0.14814814814814814, 0.0]"
"[0.06134969325153374, 0.7914110429447853, 0.147239263803681, 0.0]"
"[0.06097560975609756, 0.7926829268292683, 0.14634146341463414, 0.0]"
"[0.06060606060606061, 0.793939393939394, 0.14545454545454545, 0.0]"
"[0.060240963855421686, 0.7951807228915663, 0.14457831325301204, 0.0]"
"[0.059880239520958084, 0.7964071856287425, 0.1437125748502994, 0.0]"
"[0.05952380952380952, 0.7976190476190477, 0.14285714285714285, 0.0]"
"[0.05917159763313609, 0.7988165680473372, 0.14201183431952663, 0.0]"
"[0.058823529411764705, 0.8, 0.1411764705882353, 0.0]"
"[0.05847953216374269, 0.8011695906432749, 0.14035087719298245, 0.0]"
"[0.05813953488372093, 0.8023255813953488, 0.13953488372093023, 0.0]"
"[0.057803468208092484, 0.8034682080924855, 0.13872832369942195, 0.0]"
"[0.05747126436781609, 0.8045977011494253, 0.13793103448275862, 0.0]"
"[0.05714285714285714, 0.8057142857142857, 0.13714285714285715, 0.0]"
"[0.056818181818181816, 0.8068181818181818, 0.13636363636363635, 0.0]"
"[0.05649717514124294, 0.807909604519774, 0.13559322033898305, 0.0]"
"[0.056179775280898875, 0.8089887640449438, 0.1348314606741573, 0.0]"
"[0.055865921787709494, 0.8100558659217877, 0.1340782122905028, 0.0]"
"[0.05555555555555555, 0.8111111111111111, 0.13333333333333333, 0.0]"
"[0.055248618784530384, 0.8121546961325967, 0.13259668508287292, 0.0]"
"[0.054945054945054944, 0.8131868131868132, 0.13186813186813187, 0.0]"
"[0.0546448087431694, 0.8142076502732241, 0.13114754098360656, 0.0]"
"[0.05434782608695652, 0.8152173913043478, 0.13043478260869565, 0.0]"
"[0.05405405405405406, 0.8162162162162162, 0.12972972972972974, 0.0]"
"[0.053763440860215055, 0.8172043010752689, 0.12903225806451613, 0.0]"
"[0.053475935828877004, 0.8181818181818182, 0.12834224598930483, 0.0]"
"[0.05319148936170213, 0.8191489361702128, 0.1276595744680851, 0.0]"
"[0.05291005291005291, 0.8201058201058201, 0.12698412698412698, 0.0]"
"[0.05263157894736842, 0.8210526315789474, 0.12631578947368421, 0.0]"
"[0.05235602094240838, 0.8219895287958116, 0.1256544502617801, 0.0]"
"[0.052083333333333336, 0.8229166666666666, 0.125, 0.0]"
"[0.05181347150259067, 0.8238341968911918, 0.12435233160621761, 0.0]"
"[0.05154639175257732, 0.8247422680412371, 0.12371134020618557, 0.0]"
"[0.05128205128205128, 0.8256410256410256, 0.12307692307692308, 0.0]"
"[0.05102040816326531, 0.826530612244898, 0.12244897959183673, 0.0]"
"[0.050761421319796954, 0.8274111675126904, 0.1218274111675127, 0.0]"
"[0.050505050505050504, 0.8282828282828283, 0.12121212121212122, 0.0]"
"[0.05025125628140704, 0.8291457286432161, 0.12060301507537688, 0.0]"
"[0.05, 0.83, 0.12, 0.0]"
"[0.04975124378109453, 0.8308457711442786, 0.11940298507462686, 0.0]"
"[0.04950495049504951, 0.8316831683168316, 0.1188118811881188, 0.0]"
"[0.04926108374384237, 0.8325123152709359, 0.11822660098522167, 0.0]"
"[0.049019607843137254, 0.8333333333333334, 0.11764705882352941, 0.0]"
"[0.04878048780487805, 0.8341463414634146, 0.11707317073170732, 0.0]"
"[0.04854368932038835, 0.8349514563106796, 0.11650485436893204, 0.0]"
"[0.04830917874396135, 0.8357487922705314, 0.11594202898550725, 0.0]"
"[0.04807692307692308, 0.8365384615384616, 0.11538461538461539, 0.0]"
"[0.04784688995215311, 0.8373205741626795, 0.11483253588516747, 0.0]"
"[0.047619047619047616, 0.8380952380952381, 0.11428571428571428, 0.0]"
"[0.04739336492890995, 0.8388625592417062, 0.11374407582938388, 0.0]"
"[0.04716981132075472, 0.839622641509434, 0.11320754716981132, 0.0]"
"[0.046948356807511735, 0.8403755868544601, 0.11267605633802817, 0.0]"
"[0.04672897196261682, 0.8411214953271028, 0.11214953271028037, 0.0]"
"[0.046511627906976744, 0.8418604651162791, 0.11162790697674418, 0.0]"
"[0.046296296296296294, 0.8425925925925926, 0.1111111111111111, 0.0]"
"[0.04608294930875576, 0.8433179723502304, 0.11059907834101383, 0.0]"
"[0.045871559633027525, 0.8440366972477065, 0.11009174311926606, 0.0]"
"[0.045662100456621, 0.8447488584474886, 0.1095890410958904, 0.0]"
"[0.045454545454545456, 0.8454545454545455, 0.10909090909090909, 0.0]"
"[0.04524886877828054, 0.8461538461538461, 0.1085972850678733, 0.0]"
"[0.04504504504504504, 0.8468468468468469, 0.10810810810810811, 0.0]"
"[0.04484304932735426, 0.8475336322869955, 0.10762331838565023, 0.0]"
"[0.044642857142857144, 0.8482142857142857, 0.10714285714285714, 0.0]"
"[0.044444444444444446, 0.8488888888888889, 0.10666666666666667, 0.0]"
"[0.04424778761061947, 0.8495575221238938, 0.10619469026548672, 0.0]"
"[0.04405286343612335, 0.8502202643171806, 0.10572687224669604, 0.0]"
"[0.043859649122807015, 0.8508771929824561, 0.10526315789473684, 0.0]"
"[0.043668122270742356, 0.851528384279476, 0.10480349344978165, 0.0]"
"[0.043478260869565216, 0.8521739130434782, 0.10434782608695652, 0.0]"
"[0.04329004329004329, 0.8528138528138528, 0.1038961038961039, 0.0]"
"[0.04310344827586207, 0.853448275862069, 0.10344827586206896, 0.0]"
"[0.04291845493562232, 0.8540772532188842, 0.10300429184549356, 0.0]"
"[0.042735042735042736, 0.8547008547008547, 0.10256410256410256, 0.0]"
"[0.0425531914893617, 0.8553191489361702, 0.10212765957446808, 0.0]"
"[0.0423728813559322, 0.8559322033898306, 0.1016949152542373, 0.0]"
"[0.04219409282700422, 0.8565400843881856, 0.10126582278481013, 0.0]"
"[0.04201680672268908, 0.8571428571428571, 0.10084033613445378, 0.0]"
"[0.04184100418410042, 0.8577405857740585, 0.100418410041841, 0.0]"
"[0.041666666666666664, 0.8583333333333333, 0.1, 0.0]"
"[0.04149377593360996, 0.8589211618257261, 0.0995850622406639, 0.0]"
"[0.04132231404958678, 0.859504132231405, 0.09917355371900827, 0.0]"
"[0.0411522633744856, 0.8600823045267489, 0.09876543209876543, 0.0]"
"[0.040983606557377046, 0.860655737704918, 0.09836065573770492, 0.0]"
"[0.04081632653061224, 0.8612244897959184, 0.09795918367346938, 0.0]"
"[0.04065040650406504, 0.8617886178861789, 0.0975609756097561, 0.0]"
"[0.04048582995951417, 0.8623481781376519, 0.09716599190283401, 0.0]"
"[0.04032258064516129, 0.8629032258064516, 0.0967741935483871, 0.0]"
"[0.040160642570281124, 0.8634538152610441, 0.0963855421686747, 0.0]"
"[0.04, 0.864, 0.096, 0.0]"
"[0.0398406374501992, 0.8645418326693227, 0.09561752988047809, 0.0]"
"[0.03968253968253968, 0.8650793650793651, 0.09523809523809523, 0.0]"
"[0.039525691699604744, 0.8656126482213439, 0.09486166007905138, 0.0]"
"[0.03937007874015748, 0.8661417322834646, 0.09448818897637795, 0.0]"
"[0.0392156862745098, 0.8666666666666667, 0.09411764705882353, 0.0]"
"[0.0390625, 0.8671875, 0.09375, 0.0]"
"[0.038910505836575876, 0.867704280155642, 0.0933852140077821, 0.0]"
"[0.03875968992248062, 0.8682170542635659, 0.09302325581395349, 0.0]"
"[0.03861003861003861, 0.8687258687258688, 0.09266409266409266, 0.0]"
"[0.038461538461538464, 0.8692307692307693, 0.09230769230769231, 0.0]"
"[0.038314176245210725, 0.8697318007662835, 0.09195402298850575, 0.0]"
"[0.03816793893129771, 0.8702290076335878, 0.0916030534351145, 0.0]"
"[0.03802281368821293, 0.870722433460076, 0.09125475285171103, 0.0]"
"[0.03787878787878788, 0.8712121212121212, 0.09090909090909091, 0.0]"
"[0.03773584905660377, 0.8716981132075472, 0.09056603773584905, 0.0]"
"[0.03759398496240601, 0.8721804511278195, 0.09022556390977443, 0.0]"
"[0.03745318352059925, 0.8726591760299626, 0.0898876404494382, 0.0]"
"[0.03731343283582089, 0.8731343283582089, 0.08955223880597014, 0.0]"
"[0.03717472118959108, 0.8736059479553904, 0.08921933085501858, 0.0]"
"[0.037037037037037035, 0.8740740740740741, 0.08888888888888889, 0.0]"
"[0.03690036900369004, 0.8745387453874539, 0.08856088560885608, 0.0]"
"[0.03676470588235294, 0.875, 0.08823529411764706, 0.0]"
"[0.03663003663003663, 0.8754578754578755, 0.08791208791208792, 0.0]"
"[0.0364963503649635, 0.8759124087591241, 0.08759124087591241, 0.0]"
"[0.03636363636363636, 0.8763636363636363, 0.08727272727272728, 0.0]"
"[0.036231884057971016, 0.8768115942028986, 0.08695652173913043, 0.0]"
"[0.036101083032490974, 0.8772563176895307, 0.08664259927797834, 0.0]"
"[0.03597122302158273, 0.8776978417266187, 0.08633093525179857, 0.0]"
"[0.035842293906810034, 0.8781362007168458, 0.08602150537634409, 0.0]"
"[0.03571428571428571, 0.8785714285714286, 0.08571428571428572, 0.0]"
"[0.03558718861209965, 0.8790035587188612, 0.08540925266903915, 0.0]"
"[0.03546099290780142, 0.8794326241134752, 0.0851063829787234, 0.0]"
"[0.0353356890459364, 0.8798586572438163, 0.08480565371024736, 0.0]"
"[0.035211267605633804, 0.8802816901408451, 0.08450704225352113, 0.0]"
"[0.03508771929824561, 0.8807017543859649, 0.08421052631578947, 0.0]"
"[0.03496503496503497, 0.8811188811188811, 0.08391608391608392, 0.0]"
"[0.03484320557491289, 0.8815331010452961, 0.08362369337979095, 0.0]"
"[0.034722222222222224, 0.8819444444444444, 0.08333333333333333, 0.0]"
"[0.03460207612456748, 0.8823529411764706, 0.08304498269896193, 0.0]"
"[0.034482758620689655, 0.8827586206896552, 0.08275862068965517, 0.0]"
"[0.03436426116838488, 0.8831615120274914, 0.08247422680412371, 0.0]"
"[0.03424657534246575, 0.8835616438356164, 0.0821917808219178, 0.0]"
"[0.034129692832764506, 0.8839590443686007, 0.08191126279863481, 0.0]"
"[0.034013605442176874, 0.8843537414965986, 0.08163265306122448, 0.0]"
"[0.03389830508474576, 0.8847457627118644, 0.08135593220338982, 0.0]"
"[0.033783783783783786, 0.8851351351351351, 0.08108108108108109, 0.0]"
"[0.03367003367003367, 0.8855218855218855, 0.08080808080808081, 0.0]"
"[0.03355704697986577, 0.8859060402684564, 0.08053691275167785, 0.0]"
"[0.033444816053511704, 0.8862876254180602, 0.0802675585284281, 0.0]"
"[0.03333333333333333, 0.8866666666666667, 0.08, 0.0]"
"[0.03322259136212625, 0.8870431893687708, 0.07973421926910298, 0.0]"
"[0.033112582781456956, 0.8874172185430463, 0.07947019867549669, 0.0]"
"[0.033003300330033, 0.8877887788778878, 0.07920792079207921, 0.0]"
"[0.03289473684210526, 0.8881578947368421, 0.07894736842105263, 0.0]"
"[0.03278688524590164, 0.8885245901639345, 0.07868852459016394, 0.0]"
"[0.032679738562091505, 0.8888888888888888, 0.0784313725490196, 0.0]"
"[0.03257328990228013, 0.8892508143322475, 0.0781758957654723, 0.0]"
"[0.032467532467532464, 0.8896103896103896, 0.07792207792207792, 0.0]"
"[0.032362459546925564, 0.889967637540453, 0.07766990291262135, 0.0]"
"[0.03225806451612903, 0.8903225806451613, 0.07741935483870968, 0.0]"
"[0.03215434083601286, 0.8906752411575563, 0.07717041800643087, 0.0]"
"[0.03205128205128205, 0.8910256410256411, 0.07692307692307693, 0.0]"
"[0.03194888178913738, 0.8913738019169329, 0.07667731629392971, 0.0]"
"[0.03184713375796178, 0.89171974522293, 0.07643312101910828, 0.0]"
"[0.031746031746031744, 0.8920634920634921, 0.0761904761904762, 0.0]"
"[0.03164556962025317, 0.8924050632911392, 0.0759493670886076, 0.0]"
"[0.031545741324921134, 0.8927444794952681, 0.07570977917981073, 0.0]"
"[0.031446540880503145, 0.8930817610062893, 0.07547169811320754, 0.0]"
"[0.03134796238244514, 0.8934169278996865, 0.07523510971786834, 0.0]"
"[0.03125, 0.89375, 0.075, 0.0]"
"[0.03115264797507788, 0.8940809968847352, 0.07476635514018691, 0.0]"
"[0.031055900621118012, 0.8944099378881988, 0.07453416149068323, 0.0]"
"[0.030959752321981424, 0.8947368421052632, 0.07430340557275542, 0.0]"
"[0.030864197530864196, 0.8950617283950617, 0.07407407407407407, 0.0]"
"[0.03076923076923077, 0.8953846153846153, 0.07384615384615385, 0.0]"
"[0.03067484662576687, 0.8957055214723927, 0.0736196319018405, 0.0]"
"[0.03058103975535168, 0.8960244648318043, 0.07339449541284404, 0.0]"
"[0.03048780487804878, 0.8963414634146342, 0.07317073170731707, 0.0]"
"[0.030395136778115502, 0.8966565349544073, 0.0729483282674772, 0.0]"
"[0.030303030303030304, 0.896969696969697, 0.07272727272727272, 0.0]"
"[0.030211480362537766, 0.8972809667673716, 0.07250755287009064, 0.0]"
"[0.030120481927710843, 0.8975903614457831, 0.07228915662650602, 0.0]"
"[0.03003003003003003, 0.8978978978978979, 0.07207207207207207, 0.0]"
"[0.029940119760479042, 0.8982035928143712, 0.0718562874251497, 0.0]"
"[0.029850746268656716, 0.8985074626865671, 0.07164179104477612, 0.0]"
"[0.02976190476190476, 0.8988095238095238, 0.07142857142857142, 0.0]"
"[0.02967359050445104, 0.8991097922848664, 0.0712166172106825, 0.0]"
"[0.029585798816568046, 0.8994082840236687, 0.07100591715976332, 0.0]"
"[0.029498525073746312, 0.8997050147492626, 0.07079646017699115, 0.0]"
"[0.029411764705882353, 0.9, 0.07058823529411765, 0.0]"
"[0.02932551319648094, 0.9002932551319648, 0.07038123167155426, 0.0]"
"[0.029239766081871343, 0.9005847953216374, 0.07017543859649122, 0.0]"
"[0.029154518950437316, 0.9008746355685131, 0.06997084548104957, 0.0]"
"[0.029069767441860465, 0.9011627906976745, 0.06976744186046512, 0.0]"
"[0.028985507246376812, 0.9014492753623189, 0.06956521739130435, 0.0]"
"[0.028901734104046242, 0.9017341040462428, 0.06936416184971098, 0.0]"
"[0.02881844380403458, 0.9020172910662824, 0.069164265129683, 0.0]"
"[0.028735632183908046, 0.9022988505747126, 0.06896551724137931, 0.0]"
"[0.02865329512893983, 0.9025787965616046, 0.06876790830945559, 0.0]"
"[0.02857142857142857, 0.9028571428571428, 0.06857142857142857, 0.0]"
"[0.02849002849002849, 0.9031339031339032, 0.06837606837606838, 0.0]"
"[0.028409090909090908, 0.9034090909090909, 0.06818181818181818, 0.0]"
"[0.028328611898016998, 0.9036827195467422, 0.0679886685552408, 0.0]"
"[0.02824858757062147, 0.903954802259887, 0.06779661016949153, 0.0]"
"[0.028169014084507043, 0.9042253521126761, 0.0676056338028169, 0.0]"
"[0.028089887640449437, 0.9044943820224719, 0.06741573033707865, 0.0]"
"[0.028011204481792718, 0.9047619047619048, 0.06722689075630252, 0.0]"
"[0.027932960893854747, 0.9050279329608939, 0.0670391061452514, 0.0]"
"[0.027855153203342618, 0.9052924791086351, 0.06685236768802229, 0.0]"
"[0.027777777777777776, 0.9055555555555556, 0.06666666666666667, 0.0]"
"[0.027700831024930747, 0.9058171745152355, 0.0664819944598338, 0.0]"
"[0.027624309392265192, 0.9060773480662984, 0.06629834254143646, 0.0]"
"[0.027548209366391185, 0.90633608815427, 0.06611570247933884, 0.0]"
"[0.027472527472527472, 0.9065934065934066, 0.06593406593406594, 0.0]"
"[0.0273972602739726, 0.9068493150684932, 0.06575342465753424, 0.0]"
"[0.0273224043715847, 0.907103825136612, 0.06557377049180328, 0.0]"
"[0.027247956403269755, 0.9073569482288828, 0.0653950953678474, 0.0]"
"[0.02717391304347826, 0.907608695652174, 0.06521739130434782, 0.0]"
"[0.02710027100271003, 0.907859078590786, 0.06504065040650407, 0.0]"
"[0.02702702702702703, 0.9081081081081082, 0.06486486486486487, 0.0]"
"[0.026954177897574125, 0.9083557951482479, 0.0646900269541779, 0.0]"
"[0.026881720430107527, 0.9086021505376344, 0.06451612903225806, 0.0]"
"[0.02680965147453083, 0.9088471849865952, 0.064343163538874, 0.0]"
"[0.026737967914438502, 0.9090909090909091, 0.06417112299465241, 0.0]"
"[0.02666666666666667, 0.9093333333333333, 0.064, 0.0]"
"[0.026595744680851064, 0.9095744680851063, 0.06382978723404255, 0.0]"
"[0.026525198938992044, 0.9098143236074271, 0.0636604774535809, 0.0]"
"[0.026455026455026454, 0.91005291005291, 0.06349206349206349, 0.0]"
"[0.026385224274406333, 0.9102902374670184, 0.0633245382585752, 0.0]"
"[0.02631578947368421, 0.9105263157894737, 0.06315789473684211, 0.0]"
"[0.026246719160104987, 0.910761154855643, 0.06299212598425197, 0.0]"
"[0.02617801047120419, 0.9109947643979057, 0.06282722513089005, 0.0]"
"[0.02610966057441253, 0.9112271540469974, 0.06266318537859007, 0.0]"
"[0.026041666666666668, 0.9114583333333334, 0.0625, 0.0]"
"[0.025974025974025976, 0.9116883116883117, 0.06233766233766234, 0.0]"
"[0.025906735751295335, 0.9119170984455959, 0.06217616580310881, 0.0]"
"[0.025839793281653745, 0.9121447028423773, 0.06201550387596899, 0.0]"
"[0.02577319587628866, 0.9123711340206185, 0.061855670103092786, 0.0]"
"[0.02570694087403599, 0.9125964010282777, 0.061696658097686374, 0.0]"
"[0.02564102564102564, 0.9128205128205128, 0.06153846153846154, 0.0]"
"[0.02557544757033248, 0.9130434782608695, 0.061381074168797956, 0.0]"
"[0.025510204081632654, 0.9132653061224489, 0.061224489795918366, 0.0]"
"[0.02544529262086514, 0.9134860050890585, 0.061068702290076333, 0.0]"
"[0.025380710659898477, 0.9137055837563451, 0.06091370558375635, 0.0]"
"[0.02531645569620253, 0.9139240506329114, 0.060759493670886074, 0.0]"
"[0.025252525252525252, 0.9141414141414141, 0.06060606060606061, 0.0]"
"[0.02518891687657431, 0.9143576826196473, 0.060453400503778336, 0.0]"
"[0.02512562814070352, 0.914572864321608, 0.06030150753768844, 0.0]"
"[0.02506265664160401, 0.9147869674185464, 0.06015037593984962, 0.0]"
"[0.025, 0.915, 0.06, 0.0]"
"[0.02493765586034913, 0.9152119700748129, 0.059850374064837904, 0.0]"
"[0.024875621890547265, 0.9154228855721394, 0.05970149253731343, 0.0]"
"[0.02481389578163772, 0.9156327543424317, 0.05955334987593052, 0.0]"
"[0.024752475247524754, 0.9158415841584159, 0.0594059405940594, 0.0]"
"[0.024691358024691357, 0.9160493827160494, 0.05925925925925926, 0.0]"
"[0.024630541871921183, 0.916256157635468, 0.059113300492610835, 0.0]"
"[0.02457002457002457, 0.9164619164619164, 0.05896805896805897, 0.0]"
"[0.024509803921568627, 0.9166666666666666, 0.058823529411764705, 0.0]"
"[0.02444987775061125, 0.9168704156479217, 0.05867970660146699, 0.0]"
"[0.024390243902439025, 0.9170731707317074, 0.05853658536585366, 0.0]"
"[0.024330900243309004, 0.9172749391727494, 0.058394160583941604, 0.0]"
"[0.024271844660194174, 0.9174757281553398, 0.05825242718446602, 0.0]"
"[0.024213075060532687, 0.9176755447941889, 0.05811138014527845, 0.0]"
"[0.024154589371980676, 0.9178743961352657, 0.057971014492753624, 0.0]"
"[0.024096385542168676, 0.9180722891566265, 0.05783132530120482, 0.0]"
"[0.02403846153846154, 0.9182692307692307, 0.057692307692307696, 0.0]"
"[0.023980815347721823, 0.9184652278177458, 0.05755395683453238, 0.0]"
"[0.023923444976076555, 0.9186602870813397, 0.05741626794258373, 0.0]"
"[0.02386634844868735, 0.918854415274463, 0.057279236276849645, 0.0]"
"[0.023809523809523808, 0.919047619047619, 0.05714285714285714, 0.0]"
"[0.023752969121140142, 0.9192399049881235, 0.057007125890736345, 0.0]"
"[0.023696682464454975, 0.919431279620853, 0.05687203791469194, 0.0]"
"[0.02364066193853428, 0.9196217494089834, 0.05673758865248227, 0.0]"
"[0.02358490566037736, 0.9198113207547169, 0.05660377358490566, 0.0]"
"[0.023529411764705882, 0.92, 0.05647058823529412, 0.0]"
"[0.023474178403755867, 0.92018779342723, 0.056338028169014086, 0.0]"
"[0.0234192037470726, 0.9203747072599532, 0.05620608899297424, 0.0]"
"[0.02336448598130841, 0.9205607476635514, 0.056074766355140186, 0.0]"
"[0.023310023310023312, 0.9207459207459208, 0.055944055944055944, 0.0]"
"[0.023255813953488372, 0.9209302325581395, 0.05581395348837209, 0.0]"
"[0.02320185614849188, 0.9211136890951276, 0.05568445475638051, 0.0]"
"[0.023148148148148147, 0.9212962962962963, 0.05555555555555555, 0.0]"
"[0.023094688221709007, 0.9214780600461894, 0.05542725173210162, 0.0]"
"[0.02304147465437788, 0.9216589861751152, 0.055299539170506916, 0.0]"
"[0.022988505747126436, 0.9218390804597701, 0.05517241379310345, 0.0]"
"[0.022935779816513763, 0.9220183486238532, 0.05504587155963303, 0.0]"
"[0.02288329519450801, 0.9221967963386728, 0.05491990846681922, 0.0]"
"[0.0228310502283105, 0.9223744292237442, 0.0547945205479452, 0.0]"
"[0.022779043280182234, 0.9225512528473804, 0.05466970387243736, 0.0]"
"[0.022727272727272728, 0.9227272727272727, 0.05454545454545454, 0.0]"
"[0.022675736961451247, 0.9229024943310657, 0.05442176870748299, 0.0]"
"[0.02262443438914027, 0.9230769230769231, 0.05429864253393665, 0.0]"
"[0.022573363431151242, 0.9232505643340858, 0.05417607223476298, 0.0]"
"[0.02252252252252252, 0.9234234234234234, 0.05405405405405406, 0.0]"
"[0.02247191011235955, 0.9235955056179775, 0.05393258426966292, 0.0]"
"[0.02242152466367713, 0.9237668161434978, 0.053811659192825115, 0.0]"
"[0.02237136465324385, 0.9239373601789709, 0.053691275167785234, 0.0]"
"[0.022321428571428572, 0.9241071428571429, 0.05357142857142857, 0.0]"
"[0.022271714922048998, 0.9242761692650334, 0.053452115812917596, 0.0]"
"[0.022222222222222223, 0.9244444444444444, 0.05333333333333334, 0.0]"
"[0.022172949002217297, 0.9246119733924612, 0.05321507760532151, 0.0]"
"[0.022123893805309734, 0.9247787610619469, 0.05309734513274336, 0.0]"
"[0.02207505518763797, 0.9249448123620309, 0.052980132450331126, 0.0]"
"[0.022026431718061675, 0.9251101321585903, 0.05286343612334802, 0.0]"
"[0.02197802197802198, 0.9252747252747253, 0.05274725274725275, 0.0]"
"[0.021929824561403508, 0.9254385964912281, 0.05263157894736842, 0.0]"
"[0.02188183807439825, 0.925601750547046, 0.0525164113785558, 0.0]"
"[0.021834061135371178, 0.925764192139738, 0.05240174672489083, 0.0]"
"[0.02178649237472767, 0.9259259259259259, 0.05228758169934641, 0.0]"
"[0.021739130434782608, 0.9260869565217391, 0.05217391304347826, 0.0]"
"[0.021691973969631236, 0.9262472885032538, 0.052060737527114966, 0.0]"
"[0.021645021645021644, 0.9264069264069265, 0.05194805194805195, 0.0]"
"[0.02159827213822894, 0.9265658747300216, 0.05183585313174946, 0.0]"
"[0.021551724137931036, 0.9267241379310345, 0.05172413793103448, 0.0]"
"[0.021505376344086023, 0.9268817204301075, 0.05161290322580645, 0.0]"
"[0.02145922746781116, 0.927038626609442, 0.05150214592274678, 0.0]"
"[0.021413276231263382, 0.9271948608137045, 0.05139186295503212, 0.0]"
"[0.021367521367521368, 0.9273504273504274, 0.05128205128205128, 0.0]"
"[0.021321961620469083, 0.9275053304904051, 0.0511727078891258, 0.0]"
"[0.02127659574468085, 0.9276595744680851, 0.05106382978723404, 0.0]"
"[0.021231422505307854, 0.9278131634819533, 0.050955414012738856, 0.0]"
"[0.0211864406779661, 0.9279661016949152, 0.05084745762711865, 0.0]"
"[0.021141649048625793, 0.9281183932346723, 0.0507399577167019, 0.0]"
"[0.02109704641350211, 0.9282700421940928, 0.05063291139240506, 0.0]"
"[0.021052631578947368, 0.9284210526315789, 0.05052631578947368, 0.0]"
"[0.02100840336134454, 0.9285714285714286, 0.05042016806722689, 0.0]"
"[0.020964360587002098, 0.9287211740041929, 0.050314465408805034, 0.0]"
"[0.02092050209205021, 0.9288702928870293, 0.0502092050209205, 0.0]"
"[0.020876826722338204, 0.9290187891440501, 0.05010438413361169, 0.0]"
"[0.020833333333333332, 0.9291666666666667, 0.05, 0.0]"
"[0.02079002079002079, 0.9293139293139293, 0.0498960498960499, 0.0]"
"[0.02074688796680498, 0.9294605809128631, 0.04979253112033195, 0.0]"
"[0.020703933747412008, 0.9296066252587992, 0.049689440993788817, 0.0]"
"[0.02066115702479339, 0.9297520661157025, 0.049586776859504134, 0.0]"
"[0.020618556701030927, 0.9298969072164949, 0.049484536082474224, 0.0]"
"[0.0205761316872428, 0.9300411522633745, 0.04938271604938271, 0.0]"
"[0.02053388090349076, 0.9301848049281314, 0.049281314168377825, 0.0]"
"[0.020491803278688523, 0.930327868852459, 0.04918032786885246, 0.0]"
"[0.0, 0.0, 0.0, 0.0]"
"[0.0, 0.0, 0.0, 0.0]"
"[0.0, 0.0, 0.0, 0.0]"
"[0.0, 0.0, 0.0, 0.0]"
"[0.0, 0.0, 0.0, 0.0]"
"[0.0, 0.0, 0.0, 0.0]"
"[0.0, 0.0, 0.0, 0.0]"
"[0.0, 0.0, 0.0, 0.0]"
"[1.0, 0.0, 0.0, 0.0]"
"[0.9090909090909091, 0.0, 0.09090909090909091, 0.0]"
"[0.8333333333333334, 0.0, 0.16666666666666666, 0.0]"
"[0.7692307692307693, 0.07692307692307693, 0.15384615384615385, 0.0]"
"[0.7142857142857143, 0.14285714285714285, 0.14285714285714285, 0.0]"
"[0.6666666666666666, 0.2, 0.13333333333333333, 0.0]"
"[0.625, 0.25, 0.125, 0.0]"
"[0.5882352941176471, 0.29411764705882354, 0.11764705882352941, 0.0]"
"[0.5555555555555556, 0.3333333333333333, 0.1111111111111111, 0.0]"
"[0.5263157894736842, 0.3684210526315789, 0.10526315789473684, 0.0]"
"[0.5, 0.4, 0.1, 0.0]"
"[0.47619047619047616, 0.42857142857142855, 0.09523809523809523, 0.0]"
"[0.45454545454545453, 0.45454545454545453, 0.09090909090909091, 0.0]"
"[0.43478260869565216, 0.4782608695652174, 0.08695652173913043, 0.0]"
"[0.4166666666666667, 0.5, 0.08333333333333333, 0.0]"
"[0.4, 0.52, 0.08, 0.0]"
"[0.38461538461538464, 0.5384615384615384, 0.07692307692307693, 0.0]"
"[0.37037037037037035, 0.5555555555555556, 0.07407407407407407, 0.0]"
"[0.35714285714285715, 0.5714285714285714, 0.07142857142857142, 0.0]"
"[0.3448275862068966, 0.5862068965517241, 0.06896551724137931, 0.0]"
"[0.3333333333333333, 0.6, 0.06666666666666667, 0.0]"
"[0.3225806451612903, 0.6129032258064516, 0.06451612903225806, 0.0]"
"[0.3125, 0.625, 0.0625, 0.0]"
"[0.30303030303030304, 0.6363636363636364, 0.06060606060606061, 0.0]"
"[0.29411764705882354, 0.6470588235294118, 0.058823529411764705, 0.0]"
"[0.2857142857142857, 0.6571428571428571, 0.05714285714285714, 0.0]"
"[0.2777777777777778, 0.6666666666666666, 0.05555555555555555, 0.0]"
"[0.2702702702702703, 0.6756756756756757, 0.05405405405405406, 0.0]"
"[0.2631578947368421, 0.6842105263157895, 0.05263157894736842, 0.0]"
"[0.2564102564102564, 0.6923076923076923, 0.05128205128205128, 0.0]"
"[0.25, 0.7, 0.05, 0.0]"
"[0.24390243902439024, 0.7073170731707317, 0.04878048780487805, 0.0]"
"[0.23809523809523808, 0.7142857142857143, 0.047619047619047616, 0.0]"
"[0.23255813953488372, 0.7209302325581395, 0.046511627906976744, 0.0]"
"[0.22727272727272727, 0.7272727272727273, 0.045454545454545456, 0.0]"
"[0.2222222222222222, 0.7333333333333333, 0.044444444444444446, 0.0]"
"[0.21739130434782608, 0.7391304347826086, 0.043478260869565216, 0.0]"
"[0.2127659574468085, 0.7446808510638298, 0.0425531914893617, 0.0]"
"[0.20833333333333334, 0.75, 0.041666666666666664, 0.0]"
"[0.20408163265306123, 0.7551020408163265, 0.04081632653061224, 0.0]"
"[0.2, 0.76, 0.04, 0.0]"
"[0.19607843137254902, 0.7647058823529411, 0.0392156862745098, 0.0]"
"[0.19230769230769232, 0.7692307692307693, 0.038461538461538464, 0.0]"
"[0.18867924528301888, 0.7735849056603774, 0.03773584905660377, 0.0]"
"[0.18518518518518517, 0.7777777777777778, 0.037037037037037035, 0.0]"
"[0.18181818181818182, 0.7818181818181819, 0.03636363636363636, 0.0]"
"[0.17857142857142858, 0.7857142857142857, 0.03571428571428571, 0.0]"
"[0.17543859649122806, 0.7894736842105263, 0.03508771929824561, 0.0]"
"[0.1724137931034483, 0.7931034482758621, 0.034482758620689655, 0.0]"
"[0.1694915254237288, 0.7966101694915254, 0.03389830508474576, 0.0]"
"[0.16666666666666666, 0.8, 0.03333333333333333, 0.0]"
"[0.16393442622950818, 0.8032786885245902, 0.03278688524590164, 0.0]"
"[0.16129032258064516, 0.8064516129032258, 0.03225806451612903, 0.0]"
"[0.15873015873015872, 0.8095238095238095, 0.031746031746031744, 0.0]"
"[0.15625, 0.8125, 0.03125, 0.0]"
"[0.15384615384615385, 0.8153846153846154, 0.03076923076923077, 0.0]"
"[0.15151515151515152, 0.8181818181818182, 0.030303030303030304, 0.0]"
"[0.14925373134328357, 0.8208955223880597, 0.029850746268656716, 0.0]"
"[0.14705882352941177, 0.8235294117647058, 0.029411764705882353, 0.0]"
"[0.14492753623188406, 0.8260869565217391, 0.028985507246376812, 0.0]"
"[0.14285714285714285, 0.8285714285714286, 0.02857142857142857, 0.0]"
"[0.14084507042253522, 0.8309859154929577, 0.028169014084507043, 0.0]"
"[0.1388888888888889, 0.8333333333333334, 0.027777777777777776, 0.0]"
"[0.136986301369863, 0.8356164383561644, 0.0273972602739726, 0.0]"
"[0.13513513513513514, 0.8378378378378378, 0.02702702702702703, 0.0]"
"[0.13333333333333333, 0.84, 0.02666666666666667, 0.0]"
"[0.13157894736842105, 0.8421052631578947, 0.02631578947368421, 0.0]"
"[0.12987012987012986, 0.8441558441558441, 0.025974025974025976, 0.0]"
"[0.1282051282051282, 0.8461538461538461, 0.02564102564102564, 0.0]"
"[0.12658227848101267, 0.8481012658227848, 0.02531645569620253, 0.0]"
"[0.125, 0.85, 0.025, 0.0]"
"[0.12345679012345678, 0.8518518518518519, 0.024691358024691357, 0.0]"
"[0.12195121951219512, 0.8536585365853658, 0.024390243902439025, 0.0]"
"[0.12048192771084337, 0.8554216867469879, 0.024096385542168676, 0.0]"
"[0.11904761904761904, 0.8571428571428571, 0.023809523809523808, 0.0]"
"[0.11764705882352941, 0.8588235294117647, 0.023529411764705882, 0.0]"
"[0.11627906976744186, 0.8604651162790697, 0.023255813953488372, 0.0]"
"[0.11494252873563218, 0.8620689655172413, 0.022988505747126436, 0.0]"
"[0.11363636363636363, 0.8636363636363636, 0.022727272727272728, 0.0]"
"[0.11235955056179775, 0.8651685393258427, 0.02247191011235955, 0.0]"
"[0.1111111111111111, 0.8666666666666667, 0.022222222222222223, 0.0]"
"[0.10989010989010989, 0.8681318681318682, 0.02197802197802198, 0.0]"
"[0.10869565217391304, 0.8695652173913043, 0.021739130434782608, 0.0]"
"[0.10752688172043011, 0.8709677419354839, 0.021505376344086023, 0.0]"
"[0.10638297872340426, 0.8723404255319149, 0.02127659574468085, 0.0]"
"[0.10526315789473684, 0.8736842105263158, 0.021052631578947368, 0.0]"
"[0.10416666666666667, 0.875, 0.020833333333333332, 0.0]"
"[0.10309278350515463, 0.8762886597938144, 0.020618556701030927, 0.0]"
"[0.10204081632653061, 0.8775510204081632, 0.02040816326530612, 0.0]"
"[0.10101010101010101, 0.8787878787878788, 0.020202020202020204, 0.0]"
"[0.1, 0.88, 0.02, 0.0]"
"[0.09900990099009901, 0.8811881188118812, 0.019801980198019802, 0.0]"
"[0.09803921568627451, 0.8823529411764706, 0.0196078431372549, 0.0]"
"[0.0970873786407767, 0.883495145631068, 0.019417475728155338, 0.0]"
"[0.09615384615384616, 0.8846153846153846, 0.019230769230769232, 0.0]"
"[0.09523809523809523, 0.8857142857142857, 0.01904761904761905, 0.0]"
"[0.09433962264150944, 0.8867924528301887, 0.018867924528301886, 0.0]"
"[0.09345794392523364, 0.8878504672897196, 0.018691588785046728, 0.0]"
"[0.09259259259259259, 0.8888888888888888, 0.018518518518518517, 0.0]"
"[0.09174311926605505, 0.8899082568807339, 0.01834862385321101, 0.0]"
"[0.09090909090909091, 0.8909090909090909, 0.01818181818181818, 0.0]"
"[0.09009009009009009, 0.8918918918918919, 0.018018018018018018, 0.0]"
"[0.08928571428571429, 0.8928571428571429, 0.017857142857142856, 0.0]"
"[0.08849557522123894, 0.8938053097345132, 0.017699115044247787, 0.0]"
"[0.08771929824561403, 0.8947368421052632, 0.017543859649122806, 0.0]"
"[0.08695652173913043, 0.8956521739130435, 0.017391304347826087, 0.0]"
"[0.08620689655172414, 0.896551724137931, 0.017241379310344827, 0.0]"
"[0.08547008547008547, 0.8974358974358975, 0.017094017094017096, 0.0]"
"[0.0847457627118644, 0.8983050847457628, 0.01694915254237288, 0.0]"
"[0.08403361344537816, 0.8991596638655462, 0.01680672268907563, 0.0]"
"[0.08333333333333333, 0.9, 0.016666666666666666, 0.0]"
"[0.08264462809917356, 0.9008264462809917, 0.01652892561983471, 0.0]"
