Yokobo Emotion Distribution
"[0.5337423312883436, 0.03067484662576687, 0.0, 0.43558282208588955]"
"[0.7986270022883295, 0.02288329519450801, 0.0, 0.17848970251716248]"
"[0.9536585365853658, 0.024390243902439025, 0.0, 0.02195121951219512]"
"[0.33436532507739936, 0.030959752321981424, 0.0, 0.6346749226006192]"
"[0.7827868852459017, 0.020491803278688523, 0.0, 0.19672131147540983]"
"[0.8907103825136612, 0.0273224043715847, 0.0, 0.08196721311475409]"
"[0.7674897119341564, 0.0205761316872428, 0.0, 0.21193415637860083]"
"[0.4826086956521739, 0.021739130434782608, 0.0, 0.4956521739130435]"
"[0.9758551307847082, 0.02012072434607646, 0.0, 0.004024144869215292]"
"[0.5694050991501416, 0.028328611898016998, 0.0, 0.40226628895184136]"
"[0.7198879551820728, 0.028011204481792718, 0.0, 0.25210084033613445]"
"[0.7467105263157895, 0.03289473684210526, 0.0, 0.22039473684210525]"
"[0.906158357771261, 0.02932551319648094, 0.0, 0.06451612903225806]"
"[0.4177215189873418, 0.017721518987341773, 0.007594936708860759, 0.5569620253164557]"
"[0.598, 0.02, 0.0, 0.382]"
"[0.9436936936936937, 0.02252252252252252, 0.0, 0.033783783783783786]"
"[0.2668621700879765, 0.02932551319648094, 0.0, 0.7038123167155426]"
"[0.6475583864118896, 0.021231422505307854, 0.0, 0.33121019108280253]"
"[0.7044967880085653, 0.021413276231263382, 0.0, 0.2740899357601713]"
"[0.8867313915857605, 0.032362459546925564, 0.0, 0.08090614886731391]"
"[0.22384937238493724, 0.02092050209205021, 0.0, 0.7552301255230126]"
"[0.8767123287671232, 0.021917808219178082, 0.005479452054794521, 0.0958904109589041]"
"[0.967479674796748, 0.02710027100271003, 0.0, 0.005420054200542005]"
"[0.7350427350427351, 0.02849002849002849, 0.0, 0.23646723646723647]"
"[0.8471502590673575, 0.025906735751295335, 0.0, 0.12694300518134716]"
"[0.35454545454545455, 0.022727272727272728, 0.0, 0.6227272727272727]"
"[0.8110599078341014, 0.018433179723502304, 0.004608294930875576, 0.16589861751152074]"
"[0.48426150121065376, 0.024213075060532687, 0.0, 0.4915254237288136]"
"[0.9311475409836065, 0.03278688524590164, 0.0, 0.036065573770491806]"
"[0.5472312703583062, 0.029315960912052116, 0.003257328990228013, 0.4201954397394137]"
"[0.8317307692307693, 0.02403846153846154, 0.0, 0.14423076923076922]"
"[0.6939203354297694, 0.020964360587002098, 0.0, 0.2851153039832285]"
"[0.6581920903954802, 0.02824858757062147, 0.0, 0.3135593220338983]"
"[0.6323232323232323, 0.020202020202020204, 0.0, 0.3474747474747475]"
"[0.936046511627907, 0.029069767441860465, 0.0, 0.03488372093023256]"
"[0.879492600422833, 0.021141649048625793, 0.0, 0.09936575052854123]"
"[0.8428571428571429, 0.02040816326530612, 0.0, 0.13673469387755102]"
"[0.7636363636363637, 0.01818181818181818, 0.004545454545454545, 0.21363636363636362]"
"[0.8484848484848485, 0.025252525252525252, 0.0, 0.12626262626262627]"
"[0.5483870967741935, 0.02481389578163772, 0.0, 0.4267990074441687]"
"[0.8401084010840109, 0.02710027100271003, 0.0, 0.13279132791327913]"
"[0.6030368763557483, 0.021691973969631236, 0.0, 0.3752711496746204]"
"[0.7272727272727273, 0.025974025974025976, 0.0, 0.24675324675324675]"
"[0.9796334012219959, 0.020366598778004074, 0.0, 0.0]"
"[0.8613861386138614, 0.024752475247524754, 0.0, 0.11386138613861387]"
"[0.7475409836065574, 0.03278688524590164, 0.0, 0.21967213114754097]"
"[0.9484777517564403, 0.0234192037470726, 0.0, 0.02810304449648712]"
"[0.9252747252747253, 0.02197802197802198, 0.0, 0.05274725274725275]"
"[0.9551020408163265, 0.02040816326530612, 0.0, 0.024489795918367346]"
"[0.6883910386965377, 0.020366598778004074, 0.0, 0.29124236252545826]"
"[0.9384164222873901, 0.02932551319648094, 0.0, 0.03225806451612903]"
"[0.963302752293578, 0.03058103975535168, 0.0, 0.0061162079510703364]"
"[0.8567251461988304, 0.02631578947368421, 0.0029239766081871343, 0.11403508771929824]"
"[0.8583569405099151, 0.028328611898016998, 0.0, 0.11331444759206799]"
"[0.9747368421052631, 0.016842105263157894, 0.004210526315789474, 0.004210526315789474]"
"[0.9408983451536643, 0.02364066193853428, 0.0, 0.03546099290780142]"
"[0.966903073286052, 0.02364066193853428, 0.0, 0.009456264775413711]"
"[0.9709302325581395, 0.029069767441860465, 0.0, 0.0]"
"[0.19373219373219372, 0.02849002849002849, 0.0, 0.7777777777777778]"
"[0.514, 0.02, 0.0, 0.466]"
"[0.9142212189616253, 0.022573363431151242, 0.0, 0.06320541760722348]"
"[0.6495098039215687, 0.024509803921568627, 0.0, 0.32598039215686275]"
"[0.8459530026109661, 0.02610966057441253, 0.0, 0.1279373368146214]"
"[0.16853932584269662, 0.017977528089887642, 0.0044943820224719105, 0.8089887640449438]"
"[0.8970588235294118, 0.029411764705882353, 0.0, 0.07352941176470588]"
"[0.9660056657223796, 0.028328611898016998, 0.0, 0.0056657223796034]"
"[0.6112311015118791, 0.02159827213822894, 0.0, 0.367170626349892]"
"[0.8702702702702703, 0.016216216216216217, 0.010810810810810811, 0.10270270270270271]"
"[0.89, 0.025, 0.0, 0.085]"
"[0.8370535714285714, 0.022321428571428572, 0.0, 0.140625]"
"[0.8878504672897196, 0.02336448598130841, 0.0, 0.08878504672897196]"
"[0.48320413436692505, 0.025839793281653745, 0.0, 0.4909560723514212]"
"[0.49480249480249483, 0.02079002079002079, 0.0, 0.48440748440748443]"
"[0.4659400544959128, 0.01907356948228883, 0.008174386920980926, 0.5068119891008175]"
"[0.6834532374100719, 0.009592326139088728, 0.014388489208633094, 0.29256594724220625]"
"[0.26354679802955666, 0.012315270935960592, 0.012315270935960592, 0.7118226600985221]"
"[0.90020366598778, 0.020366598778004074, 0.0, 0.07942973523421588]"
"[0.14285714285714285, 0.017857142857142856, 0.011904761904761904, 0.8273809523809523]"
"[0.6637744034707158, 0.021691973969631236, 0.0, 0.31453362255965295]"
"[0.948936170212766, 0.03404255319148936, 0.0, 0.01702127659574468]"
"[0.871536523929471, 0.12846347607052896, 0.0, 0.0]"
"[0.8317460317460318, 0.07936507936507936, 0.0, 0.08888888888888889]"
"[0.9102244389027432, 0.034912718204488775, 0.0, 0.05486284289276808]"
"[0.9705263157894737, 0.029473684210526315, 0.0, 0.0]"
"[0.162, 0.02, 0.0, 0.818]"
"[0.9117647058823529, 0.032679738562091505, 0.0, 0.05555555555555555]"
"[0.5835777126099707, 0.011730205278592375, 0.020527859237536656, 0.3841642228739003]"
"[0.7096774193548387, 0.020161290322580645, 0.0, 0.2701612903225806]"
"[0.35405405405405405, 0.05675675675675676, 0.010810810810810811, 0.5783783783783784]"
"[0.3080082135523614, 0.008213552361396304, 0.014373716632443531, 0.6694045174537988]"
"[0.4749498997995992, 0.008016032064128256, 0.012024048096192385, 0.5050100200400801]"
"[0.3351063829787234, 0.010638297872340425, 0.015957446808510637, 0.6382978723404256]"
"[0.7690140845070422, 0.09577464788732394, 0.0028169014084507044, 0.1323943661971831]"
"[0.8744939271255061, 0.03643724696356275, 0.0, 0.08906882591093117]"
"[0.6236842105263158, 0.10789473684210527, 0.10263157894736842, 0.16578947368421051]"
"[0.6886792452830188, 0.15723270440251572, 0.0, 0.1540880503144654]"
"[0.4549266247379455, 0.10482180293501048, 0.18238993710691823, 0.2578616352201258]"
"[0.45253863134657835, 0.02207505518763797, 0.002207505518763797, 0.5231788079470199]"
"[0.6841004184100419, 0.012552301255230125, 0.016736401673640166, 0.28661087866108786]"
"[0.6013513513513513, 0.02027027027027027, 0.0045045045045045045, 0.3738738738738739]"
"[0.8128834355828221, 0.03067484662576687, 0.0, 0.15644171779141106]"
"[0.31422505307855625, 0.008492569002123142, 0.012738853503184714, 0.6645435244161358]"
"[0.11428571428571428, 0.012698412698412698, 0.01904761904761905, 0.8539682539682539]"
"[0.8407643312101911, 0.028662420382165606, 0.01910828025477707, 0.11146496815286625]"
"[0.6371951219512195, 0.13414634146341464, 0.0, 0.22865853658536586]"
"[0.9095238095238095, 0.08571428571428572, 0.0, 0.004761904761904762]"
"[0.8511627906976744, 0.023255813953488372, 0.0, 0.12558139534883722]"
"[0.8895184135977338, 0.028328611898016998, 0.0, 0.0821529745042493]"
"[0.9108910891089109, 0.0165016501650165, 0.0165016501650165, 0.056105610561056105]"
"[0.8317757009345794, 0.03115264797507788, 0.0, 0.13707165109034267]"
"[0.6833333333333333, 0.21333333333333335, 0.0, 0.10333333333333333]"
"[0.19839142091152814, 0.02680965147453083, 0.0, 0.774798927613941]"
"[0.2443820224719101, 0.011235955056179775, 0.016853932584269662, 0.7275280898876404]"
"[0.36363636363636365, 0.07399577167019028, 0.046511627906976744, 0.5158562367864693]"
"[0.20486815415821502, 0.032454361054766734, 0.060851926977687626, 0.7018255578093306]"
"[0.3911917098445596, 0.010362694300518135, 0.015544041450777202, 0.582901554404145]"
"[0.47345132743362833, 0.03982300884955752, 0.0, 0.48672566371681414]"
"[0.19950124688279303, 0.02493765586034913, 0.014962593516209476, 0.7605985037406484]"
"[0.6270096463022508, 0.03215434083601286, 0.0, 0.3408360128617363]"
"[0.6169154228855721, 0.024875621890547265, 0.0, 0.3582089552238806]"
"[0.4758454106280193, 0.024154589371980676, 0.016908212560386472, 0.4830917874396135]"
"[0.035623409669211195, 0.06870229007633588, 0.1450381679389313, 0.7506361323155216]"
"[0.4024390243902439, 0.014227642276422764, 0.006097560975609756, 0.5772357723577236]"
"[0.4222222222222222, 0.031746031746031744, 0.0, 0.546031746031746]"
"[0.7603305785123967, 0.027548209366391185, 0.0, 0.21212121212121213]"
"[0.9026128266033254, 0.04513064133016627, 0.0, 0.052256532066508314]"
"[0.8991596638655462, 0.10084033613445378, 0.0, 0.0]"
"[0.8746177370030581, 0.0581039755351682, 0.01529051987767584, 0.05198776758409786]"
"[0.7251082251082251, 0.021645021645021644, 0.0, 0.2532467532467532]"
"[0.8936781609195402, 0.028735632183908046, 0.0, 0.07758620689655173]"
"[0.9337016574585635, 0.027624309392265192, 0.0, 0.03867403314917127]"
"[0.8650306748466258, 0.04703476482617587, 0.0, 0.08793456032719836]"
"[0.941717791411043, 0.03067484662576687, 0.0, 0.027607361963190184]"
"[0.6231884057971014, 0.014492753623188406, 0.006211180124223602, 0.35610766045548653]"
"[0.9734748010610079, 0.026525198938992044, 0.0, 0.0]"
"[0.28842105263157897, 0.12842105263157894, 0.014736842105263158, 0.5684210526315789]"
"[0.5228310502283106, 0.2990867579908676, 0.01598173515981735, 0.16210045662100456]"
"[0.5861182519280206, 0.10282776349614396, 0.06426735218508997, 0.2467866323907455]"
"[0.6739659367396593, 0.0413625304136253, 0.014598540145985401, 0.27007299270072993]"
"[0.6010230179028133, 0.04092071611253197, 0.0025575447570332483, 0.3554987212276215]"
"[0.8476953907815631, 0.02004008016032064, 0.0, 0.13226452905811623]"
"[0.8638888888888889, 0.1361111111111111, 0.0, 0.0]"
"[0.6852248394004282, 0.10920770877944326, 0.0, 0.20556745182012848]"
"[0.002127659574468085, 0.02127659574468085, 0.0, 0.9765957446808511]"
"[0.2, 0.010256410256410256, 0.015384615384615385, 0.7743589743589744]"
"[0.15812917594654788, 0.008908685968819599, 0.013363028953229399, 0.8195991091314031]"
"[0.7281553398058253, 0.11003236245954692, 0.0, 0.16181229773462782]"
"[0.8727678571428571, 0.03571428571428571, 0.0, 0.09151785714285714]"
"[0.5755102040816327, 0.02040816326530612, 0.0020408163265306124, 0.4020408163265306]"
"[0.08571428571428572, 0.011428571428571429, 0.017142857142857144, 0.8857142857142857]"
"[0.0, 0.009732360097323601, 0.014598540145985401, 0.975669099756691]"
"[0.13636363636363635, 0.12424242424242424, 0.0, 0.7393939393939394]"
"[0.40233236151603496, 0.03206997084548105, 0.0, 0.565597667638484]"
"[0.3762993762993763, 0.035343035343035345, 0.006237006237006237, 0.5821205821205822]"
"[0.6730158730158731, 0.031746031746031744, 0.0, 0.29523809523809524]"
"[0.13387423935091278, 0.02028397565922921, 0.0, 0.845841784989858]"
"[0.5816993464052288, 0.02178649237472767, 0.0, 0.39651416122004357]"
"[0.8187772925764192, 0.008733624454148471, 0.013100436681222707, 0.15938864628820962]"
"[0.8779443254817987, 0.12205567451820129, 0.0, 0.0]"
"[0.9353233830845771, 0.024875621890547265, 0.0, 0.03980099502487562]"
"[0.5783475783475783, 0.02849002849002849, 0.0, 0.39316239316239315]"
"[0.9670050761421319, 0.027918781725888325, 0.0, 0.005076142131979695]"
"[0.9764150943396226, 0.02358490566037736, 0.0, 0.0]"
"[0.43722943722943725, 0.09956709956709957, 0.0367965367965368, 0.4264069264069264]"
"[0.15934065934065933, 0.01098901098901099, 0.016483516483516484, 0.8131868131868132]"
"[0.008823529411764706, 0.011764705882352941, 0.01764705882352941, 0.961764705882353]"
"[0.26174496644295303, 0.008948545861297539, 0.015659955257270694, 0.7136465324384788]"
"[0.15673981191222572, 0.018808777429467086, 0.012539184952978056, 0.8119122257053292]"
"[0.476, 0.008, 0.012, 0.504]"
"[0.9501661129568106, 0.016611295681063124, 0.019933554817275746, 0.013289036544850499]"
"[0.8757894736842106, 0.042105263157894736, 0.0, 0.08210526315789474]"
"[0.3120728929384966, 0.009111617312072893, 0.025056947608200455, 0.6537585421412301]"
"[0.03821656050955414, 0.012738853503184714, 0.01910828025477707, 0.9299363057324841]"
"[0.0, 0.012345679012345678, 0.018518518518518517, 0.9691358024691358]"
"[0.015873015873015872, 0.009070294784580499, 0.013605442176870748, 0.9614512471655329]"
"[0.09162303664921466, 0.010471204188481676, 0.015706806282722512, 0.8821989528795812]"
"[0.1927710843373494, 0.012048192771084338, 0.018072289156626505, 0.7771084337349398]"
"[0.31353135313531355, 0.013201320132013201, 0.019801980198019802, 0.6534653465346535]"
"[0.5702247191011236, 0.02247191011235955, 0.0056179775280898875, 0.40168539325842695]"
"[0.29380053908355797, 0.01078167115902965, 0.016172506738544475, 0.6792452830188679]"
"[0.5444743935309974, 0.01078167115902965, 0.016172506738544475, 0.42857142857142855]"
"[0.2816593886462882, 0.008733624454148471, 0.013100436681222707, 0.6965065502183406]"
"[0.6463414634146342, 0.02032520325203252, 0.0, 0.3333333333333333]"
"[0.6516129032258065, 0.03225806451612903, 0.0, 0.3161290322580645]"
"[0.014044943820224719, 0.011235955056179775, 0.016853932584269662, 0.9578651685393258]"
"[0.0, 0.008888888888888889, 0.013333333333333334, 0.9777777777777777]"
"[0.3548387096774194, 0.008602150537634409, 0.012903225806451613, 0.6236559139784946]"
"[0.20625, 0.0125, 0.01875, 0.7625]"
"[0.26366559485530544, 0.012861736334405145, 0.01929260450160772, 0.7041800643086816]"
"[0.16172506738544473, 0.01078167115902965, 0.0673854447439353, 0.7601078167115903]"
"[0.01284796573875803, 0.01284796573875803, 0.06209850107066381, 0.9122055674518201]"
"[0.03205128205128205, 0.01282051282051282, 0.019230769230769232, 0.9358974358974359]"
"[0.10451977401129943, 0.014124293785310734, 0.014124293785310734, 0.867231638418079]"
"[0.337995337995338, 0.023310023310023312, 0.002331002331002331, 0.6363636363636364]"
"[0.05627705627705628, 0.008658008658008658, 0.012987012987012988, 0.922077922077922]"
"[0.2535211267605634, 0.008048289738430584, 0.012072434607645875, 0.7263581488933601]"
"[0.0045871559633027525, 0.009174311926605505, 0.013761467889908258, 0.9724770642201835]"
"[0.6743589743589744, 0.028205128205128206, 0.0, 0.29743589743589743]"
"[0.7577639751552795, 0.031055900621118012, 0.0, 0.2111801242236025]"
"[0.45560747663551404, 0.02336448598130841, 0.0, 0.5210280373831776]"
"[0.4830508474576271, 0.011299435028248588, 0.01694915254237288, 0.4887005649717514]"
"[0.34134615384615385, 0.009615384615384616, 0.014423076923076924, 0.6346153846153846]"
"[0.5625, 0.02217741935483871, 0.0, 0.4153225806451613]"
"[0.7511111111111111, 0.022222222222222223, 0.0, 0.22666666666666666]"
"[0.6780684104627767, 0.02012072434607646, 0.0, 0.30181086519114686]"
"[0.030232558139534883, 0.009302325581395349, 0.013953488372093023, 0.9465116279069767]"
"[0.3816155988857939, 0.027855153203342618, 0.0, 0.5905292479108635]"
"[0.41, 0.03333333333333333, 0.0, 0.5566666666666666]"
"[0.690625, 0.03125, 0.0, 0.278125]"
"[0.0927536231884058, 0.028985507246376812, 0.0, 0.8782608695652174]"
"[0.6064516129032258, 0.035483870967741936, 0.0, 0.3580645161290323]"
"[0.28074245939675174, 0.009280742459396751, 0.013921113689095127, 0.6960556844547564]"
"[0.380352644836272, 0.02518891687657431, 0.0, 0.5944584382871536]"
"[0.6444954128440367, 0.022935779816513763, 0.0, 0.33256880733944955]"
"[0.4733009708737864, 0.024271844660194174, 0.0, 0.5024271844660194]"
"[0.49336283185840707, 0.017699115044247787, 0.004424778761061947, 0.48451327433628316]"
"[0.890625, 0.026041666666666668, 0.0, 0.08333333333333333]"
"[0.978401727861771, 0.02159827213822894, 0.0, 0.0]"
"[0.9766355140186916, 0.02336448598130841, 0.0, 0.0]"
"[0.977728285077951, 0.022271714922048998, 0.0, 0.0]"
"[0.7791798107255521, 0.031545741324921134, 0.0, 0.1892744479495268]"
"[0.3886255924170616, 0.023696682464454975, 0.0, 0.5876777251184834]"
"[0.9751861042183623, 0.02481389578163772, 0.0, 0.0]"
"[0.03591160220994475, 0.027624309392265192, 0.0, 0.93646408839779]"
"[0.2930232558139535, 0.009302325581395349, 0.013953488372093023, 0.6837209302325581]"
"[0.9716713881019831, 0.028328611898016998, 0.0, 0.0]"
"[0.43301435406698563, 0.009569377990430622, 0.014354066985645933, 0.5430622009569378]"
"[0.4475, 0.025, 0.0, 0.5275]"
"[0.0, 0.013550135501355014, 0.013550135501355014, 0.9728997289972899]"
"[0.8507936507936508, 0.01904761904761905, 0.012698412698412698, 0.11746031746031746]"
"[0.976303317535545, 0.023696682464454975, 0.0, 0.0]"
"[0.6644444444444444, 0.017777777777777778, 0.013333333333333334, 0.30444444444444446]"
"[0.3333333333333333, 0.014598540145985401, 0.014598540145985401, 0.6374695863746959]"
"[0.7704918032786885, 0.00819672131147541, 0.012295081967213115, 0.20901639344262296]"
"[0.4868686868686869, 0.020202020202020204, 0.0, 0.49292929292929294]"
"[0.8258064516129032, 0.021505376344086023, 0.0, 0.15268817204301074]"
"[0.636150234741784, 0.023474178403755867, 0.0, 0.3403755868544601]"
"[0.875, 0.023148148148148147, 0.0, 0.10185185185185185]"
"[0.6363636363636364, 0.012539184952978056, 0.018808777429467086, 0.3322884012539185]"
"[0.7670329670329671, 0.008791208791208791, 0.013186813186813187, 0.210989010989011]"
"[0.8848614072494669, 0.021321961620469083, 0.0, 0.09381663113006397]"
"[0.472636815920398, 0.009950248756218905, 0.014925373134328358, 0.5024875621890548]"
"[0.8133640552995391, 0.02304147465437788, 0.0, 0.16359447004608296]"
"[0.9433497536945813, 0.024630541871921183, 0.0, 0.03201970443349754]"
"[0.6529562982005142, 0.02570694087403599, 0.0, 0.3213367609254499]"
"[0.7355555555555555, 0.022222222222222223, 0.0, 0.24222222222222223]"
"[0.23920265780730898, 0.03322259136212625, 0.0, 0.7275747508305648]"
"[0.0, 0.010178117048346057, 0.015267175572519083, 0.9745547073791349]"
"[0.6241299303944315, 0.009280742459396751, 0.013921113689095127, 0.35266821345707655]"
"[0.3857566765578635, 0.02967359050445104, 0.0, 0.5845697329376854]"
"[0.004056795131845842, 0.016227180527383367, 0.004056795131845842, 0.9756592292089249]"
"[0.24945295404814005, 0.0087527352297593, 0.01312910284463895, 0.7286652078774617]"
"[0.023872679045092837, 0.026525198938992044, 0.0, 0.9496021220159151]"
"[0.3159144893111639, 0.009501187648456057, 0.014251781472684086, 0.6603325415676959]"
"[0.35196687370600416, 0.020703933747412008, 0.0, 0.6273291925465838]"
"[0.25806451612903225, 0.020161290322580645, 0.004032258064516129, 0.717741935483871]"
"[0.5300207039337475, 0.008281573498964804, 0.012422360248447204, 0.4492753623188406]"
"[0.8006042296072508, 0.030211480362537766, 0.0, 0.1691842900302115]"
"[0.6466346153846154, 0.02403846153846154, 0.0, 0.3293269230769231]"
"[0.5671641791044776, 0.029850746268656716, 0.0, 0.40298507462686567]"
"[0.42359249329758714, 0.02680965147453083, 0.0, 0.5495978552278821]"
"[0.5859728506787331, 0.02262443438914027, 0.0, 0.3914027149321267]"
"[0.48059701492537316, 0.029850746268656716, 0.0, 0.48955223880597015]"
"[0.6193415637860082, 0.0205761316872428, 0.0, 0.360082304526749]"
"[0.33816425120772947, 0.024154589371980676, 0.0, 0.6376811594202898]"
"[0.021671826625386997, 0.030959752321981424, 0.0, 0.9473684210526315]"
"[0.680327868852459, 0.020491803278688523, 0.0, 0.29918032786885246]"
"[0.30578512396694213, 0.011019283746556474, 0.01652892561983471, 0.6666666666666666]"
"[0.3969465648854962, 0.010178117048346057, 0.015267175572519083, 0.5776081424936387]"
"[0.16716417910447762, 0.029850746268656716, 0.0, 0.8029850746268656]"
"[0.07028753993610223, 0.03194888178913738, 0.003194888178913738, 0.8945686900958466]"
"[0.4156769596199525, 0.04275534441805225, 0.0, 0.5415676959619953]"
"[0.08250825082508251, 0.033003300330033, 0.0, 0.8844884488448845]"
"[0.006600660066006601, 0.033003300330033, 0.0, 0.9603960396039604]"
"[0.0113314447592068, 0.028328611898016998, 0.0, 0.9603399433427762]"
"[0.004524886877828055, 0.02262443438914027, 0.0, 0.9728506787330317]"
"[0.8028455284552846, 0.022357723577235773, 0.0, 0.17479674796747968]"
"[0.30317848410757947, 0.17114914425427874, 0.0, 0.5256723716381418]"
"[0.6757990867579908, 0.03424657534246575, 0.0, 0.2899543378995434]"
"[0.6160714285714286, 0.017857142857142856, 0.01488095238095238, 0.35119047619047616]"
"[0.12987012987012986, 0.03896103896103896, 0.025974025974025976, 0.8051948051948052]"
"[0.546485260770975, 0.022675736961451247, 0.0, 0.4308390022675737]"
"[0.0, 0.015189873417721518, 0.010126582278481013, 0.9746835443037974]"
"[0.0, 0.008097165991902834, 0.012145748987854251, 0.979757085020243]"
"[0.005208333333333333, 0.010416666666666666, 0.015625, 0.96875]"
"[0.0, 0.00909090909090909, 0.013636363636363636, 0.9772727272727273]"
"[0.5184210526315789, 0.02631578947368421, 0.002631578947368421, 0.45263157894736844]"
"[0.22023809523809523, 0.011904761904761904, 0.0625, 0.7053571428571429]"
"[0.9195979899497487, 0.02512562814070352, 0.0, 0.05527638190954774]"
"[0.5718954248366013, 0.032679738562091505, 0.0, 0.3954248366013072]"
"[0.845360824742268, 0.03917525773195876, 0.008247422680412371, 0.10721649484536082]"
"[0.8627450980392157, 0.047619047619047616, 0.0, 0.0896358543417367]"
"[0.8556485355648535, 0.12761506276150628, 0.0, 0.016736401673640166]"
"[0.9668508287292817, 0.027624309392265192, 0.0, 0.0055248618784530384]"
"[0.933933933933934, 0.03003003003003003, 0.0, 0.036036036036036036]"
"[0.6869565217391305, 0.011594202898550725, 0.017391304347826087, 0.28405797101449276]"
"[0.0, 0.018404907975460124, 0.012269938650306749, 0.9693251533742331]"
"[0.29891304347826086, 0.010869565217391304, 0.016304347826086956, 0.6739130434782609]"
"[0.005747126436781609, 0.011494252873563218, 0.020114942528735632, 0.9626436781609196]"
"[0.2986425339366516, 0.00904977375565611, 0.013574660633484163, 0.6787330316742082]"
"[0.3941368078175896, 0.03257328990228013, 0.0, 0.5732899022801303]"
"[0.6828703703703703, 0.023148148148148147, 0.0, 0.29398148148148145]"
"[0.5826086956521739, 0.008695652173913044, 0.013043478260869565, 0.39565217391304347]"
"[0.7420718816067653, 0.20718816067653276, 0.0, 0.0507399577167019]"
"[0.38613861386138615, 0.013201320132013201, 0.1551155115511551, 0.44554455445544555]"
"[0.416, 0.09866666666666667, 0.0, 0.48533333333333334]"
"[0.6634304207119741, 0.012944983818770227, 0.019417475728155338, 0.3042071197411003]"
"[0.6106666666666667, 0.02666666666666667, 0.0, 0.3626666666666667]"
"[0.7768595041322314, 0.012396694214876033, 0.008264462809917356, 0.2024793388429752]"
"[0.8599562363238512, 0.02188183807439825, 0.0, 0.11816192560175055]"
"[0.9168975069252078, 0.027700831024930747, 0.0, 0.055401662049861494]"
"[0.7281553398058253, 0.012944983818770227, 0.019417475728155338, 0.23948220064724918]"
"[0.6041666666666666, 0.026041666666666668, 0.0, 0.3697916666666667]"
"[0.42201834862385323, 0.012232415902140673, 0.01834862385321101, 0.5474006116207951]"
"[0.8557993730407524, 0.03134796238244514, 0.0, 0.11285266457680251]"
"[0.9181141439205955, 0.02481389578163772, 0.0, 0.05707196029776675]"
"[0.3438395415472779, 0.011461318051575931, 0.017191977077363897, 0.6275071633237822]"
"[0.17363344051446947, 0.012861736334405145, 0.01929260450160772, 0.7942122186495176]"
"[0.16091954022988506, 0.011494252873563218, 0.017241379310344827, 0.8103448275862069]"
"[0.18154761904761904, 0.011904761904761904, 0.017857142857142856, 0.7886904761904762]"
"[0.38073394495412843, 0.009174311926605505, 0.013761467889908258, 0.5963302752293578]"
"[0.9297423887587822, 0.0234192037470726, 0.0, 0.0468384074941452]"
"[0.526, 0.008, 0.012, 0.454]"
"[0.4107981220657277, 0.009389671361502348, 0.014084507042253521, 0.5657276995305164]"
"[0.6565656565656566, 0.014141414141414142, 0.00808080808080808, 0.3212121212121212]"
"[0.771978021978022, 0.019230769230769232, 0.016483516483516484, 0.19230769230769232]"
"[0.023872679045092837, 0.026525198938992044, 0.0, 0.9496021220159151]"
"[0.10434782608695652, 0.028985507246376812, 0.0, 0.8666666666666667]"
"[0.4563894523326572, 0.02028397565922921, 0.0, 0.5233265720081136]"
"[0.17491749174917492, 0.013201320132013201, 0.019801980198019802, 0.7920792079207921]"
"[0.47794117647058826, 0.00980392156862745, 0.014705882352941176, 0.49754901960784315]"
"[0.6616702355460385, 0.023554603854389723, 0.0, 0.3147751605995717]"
"[0.9684542586750788, 0.031545741324921134, 0.0, 0.0]"
"[0.006550218340611353, 0.008733624454148471, 0.013100436681222707, 0.9716157205240175]"
"[0.33726415094339623, 0.009433962264150943, 0.014150943396226415, 0.6391509433962265]"
"[0.08352668213457076, 0.018561484918793503, 0.004640371229698376, 0.8932714617169374]"
"[0.16901408450704225, 0.011267605633802818, 0.016901408450704224, 0.8028169014084507]"
"[0.5111111111111111, 0.020202020202020204, 0.0, 0.4686868686868687]"
"[0.585635359116022, 0.011049723756906077, 0.016574585635359115, 0.3867403314917127]"
"[0.969047619047619, 0.023809523809523808, 0.0, 0.007142857142857143]"
"[0.9136490250696379, 0.022284122562674095, 0.005571030640668524, 0.0584958217270195]"
"[0.9044943820224719, 0.011235955056179775, 0.016853932584269662, 0.06741573033707865]"
"[0.9451073985680191, 0.02386634844868735, 0.0, 0.031026252983293555]"
"[0.716589861751152, 0.009216589861751152, 0.013824884792626729, 0.26036866359447003]"
"[0.7893518518518519, 0.02546296296296296, 0.0, 0.18518518518518517]"
"[0.17684887459807075, 0.03215434083601286, 0.0, 0.7909967845659164]"
"[0.6434782608695652, 0.028985507246376812, 0.0, 0.32753623188405795]"
"[0.72, 0.021052631578947368, 0.0, 0.25894736842105265]"
"[0.7411764705882353, 0.023529411764705882, 0.0, 0.23529411764705882]"
"[0.9697885196374623, 0.030211480362537766, 0.0, 0.0]"
"[0.4331395348837209, 0.011627906976744186, 0.01744186046511628, 0.5377906976744186]"
"[0.6847545219638242, 0.025839793281653745, 0.0, 0.28940568475452194]"
"[0.9015384615384615, 0.03076923076923077, 0.0, 0.06769230769230769]"
"[0.7816326530612245, 0.02040816326530612, 0.0, 0.19795918367346937]"
"[0.6938775510204082, 0.009070294784580499, 0.013605442176870748, 0.2834467120181406]"
"[0.924198250728863, 0.011661807580174927, 0.01749271137026239, 0.04664723032069971]"
"[0.9607843137254902, 0.032679738562091505, 0.0, 0.006535947712418301]"
"[0.9100817438692098, 0.027247956403269755, 0.0, 0.06267029972752043]"
"[0.851063829787234, 0.02127659574468085, 0.0, 0.1276595744680851]"
"[0.6388308977035491, 0.020876826722338204, 0.0, 0.34029227557411273]"
"[0.8147268408551069, 0.009501187648456057, 0.014251781472684086, 0.16152019002375298]"
"[0.23448275862068965, 0.009195402298850575, 0.01839080459770115, 0.7379310344827587]"
"[0.946875, 0.04375, 0.0, 0.009375]"
"[0.5876993166287016, 0.009111617312072893, 0.01366742596810934, 0.3895216400911162]"
"[0.5139318885448917, 0.01238390092879257, 0.018575851393188854, 0.4551083591331269]"
"[0.5457227138643068, 0.029498525073746312, 0.0, 0.4247787610619469]"
"[0.9737991266375546, 0.021834061135371178, 0.0, 0.004366812227074236]"
"[0.5527777777777778, 0.011111111111111112, 0.016666666666666666, 0.41944444444444445]"
"[0.5864978902953587, 0.010548523206751054, 0.010548523206751054, 0.3924050632911392]"
"[0.009950248756218905, 0.009950248756218905, 0.014925373134328358, 0.9651741293532339]"
"[0.7783132530120482, 0.012048192771084338, 0.014457831325301205, 0.19518072289156627]"
"[0.21875, 0.02403846153846154, 0.0, 0.7572115384615384]"
"[0.740139211136891, 0.02320185614849188, 0.0, 0.23665893271461716]"
"[0.42408376963350786, 0.02617801047120419, 0.0, 0.5497382198952879]"
"[0.5870967741935483, 0.03225806451612903, 0.0, 0.38064516129032255]"
"[0.40294117647058825, 0.029411764705882353, 0.0, 0.5676470588235294]"
"[0.42592592592592593, 0.009259259259259259, 0.013888888888888888, 0.5509259259259259]"
"[0.5491803278688525, 0.01092896174863388, 0.01639344262295082, 0.42349726775956287]"
"[0.29289940828402367, 0.029585798816568046, 0.0, 0.6775147928994083]"
"[0.7521186440677966, 0.0211864406779661, 0.0, 0.2266949152542373]"
"[0.08316008316008316, 0.008316008316008316, 0.012474012474012475, 0.896049896049896]"
"[0.271264367816092, 0.009195402298850575, 0.013793103448275862, 0.7057471264367816]"
"[0.6004728132387707, 0.009456264775413711, 0.014184397163120567, 0.375886524822695]"
"[0.0, 0.010178117048346057, 0.015267175572519083, 0.9745547073791349]"
"[0.38181818181818183, 0.022727272727272728, 0.0, 0.5954545454545455]"
"[0.3113456464379947, 0.010554089709762533, 0.0158311345646438, 0.662269129287599]"
"[0.5860349127182045, 0.00997506234413965, 0.014962593516209476, 0.38902743142144636]"
"[0.6464646464646465, 0.00808080808080808, 0.012121212121212121, 0.3333333333333333]"
"[0.7220708446866485, 0.027247956403269755, 0.0, 0.2506811989100817]"
"[0.38650306748466257, 0.0081799591002045, 0.012269938650306749, 0.5930470347648262]"
"[0.4650112866817156, 0.009029345372460496, 0.013544018058690745, 0.5124153498871332]"
"[0.7259713701431493, 0.0081799591002045, 0.012269938650306749, 0.25357873210633947]"
"[0.48195876288659795, 0.02577319587628866, 0.0, 0.49226804123711343]"
"[0.0, 0.010893246187363835, 0.010893246187363835, 0.9782135076252724]"
"[0.011267605633802818, 0.011267605633802818, 0.016901408450704224, 0.9605633802816902]"
"[0.10060975609756098, 0.012195121951219513, 0.018292682926829267, 0.8689024390243902]"
"[0.15339233038348082, 0.011799410029498525, 0.017699115044247787, 0.8171091445427728]"
"[0.0, 0.009685230024213076, 0.014527845036319613, 0.9757869249394673]"
"[0.0, 0.0125, 0.008333333333333333, 0.9791666666666666]"
"[0.00202020202020202, 0.010101010101010102, 0.010101010101010102, 0.9777777777777777]"
"[0.02786377708978328, 0.015479876160990712, 0.015479876160990712, 0.9411764705882353]"
"[0.3606060606060606, 0.012121212121212121, 0.01818181818181818, 0.6090909090909091]"
"[0.8029556650246306, 0.009852216748768473, 0.014778325123152709, 0.1724137931034483]"
"[0.9614325068870524, 0.011019283746556474, 0.01652892561983471, 0.011019283746556474]"
"[0.6896551724137931, 0.01293103448275862, 0.008620689655172414, 0.28879310344827586]"
"[0.7683923705722071, 0.010899182561307902, 0.01634877384196185, 0.20435967302452315]"
"[0.24251497005988024, 0.011976047904191617, 0.017964071856287425, 0.7275449101796407]"
"[0.09213483146067415, 0.008988764044943821, 0.01348314606741573, 0.8853932584269663]"
"[0.289532293986637, 0.008908685968819599, 0.013363028953229399, 0.688195991091314]"
"[0.39591836734693875, 0.00816326530612245, 0.012244897959183673, 0.5836734693877551]"
"[0.12471655328798185, 0.009070294784580499, 0.013605442176870748, 0.8526077097505669]"
"[0.25303643724696356, 0.020242914979757085, 0.0, 0.7267206477732794]"
"[0.22026431718061673, 0.00881057268722467, 0.013215859030837005, 0.7577092511013216]"
"[0.5662650602409639, 0.030120481927710843, 0.0, 0.4036144578313253]"
"[0.8507936507936508, 0.031746031746031744, 0.0, 0.11746031746031746]"
"[0.5311475409836065, 0.03278688524590164, 0.0, 0.4360655737704918]"
"[0.8808411214953271, 0.02102803738317757, 0.002336448598130841, 0.09579439252336448]"
"[0.3415384615384615, 0.012307692307692308, 0.018461538461538463, 0.6276923076923077]"
"[0.28104575163398693, 0.02178649237472767, 0.0, 0.6971677559912854]"
"[0.01702127659574468, 0.00851063829787234, 0.01276595744680851, 0.9617021276595744]"
"[0.3721518987341772, 0.010126582278481013, 0.015189873417721518, 0.6025316455696202]"
"[0.3182957393483709, 0.02506265664160401, 0.0, 0.656641604010025]"
"[0.21042084168336672, 0.008016032064128256, 0.012024048096192385, 0.7695390781563126]"
"[0.1871508379888268, 0.027932960893854747, 0.0, 0.7849162011173184]"
"[0.30303030303030304, 0.027548209366391185, 0.0, 0.6694214876033058]"
"[0.38082191780821917, 0.0273972602739726, 0.0, 0.5917808219178082]"
"[0.8064516129032258, 0.021505376344086023, 0.0, 0.17204301075268819]"
"[0.7329192546583851, 0.031055900621118012, 0.0, 0.2360248447204969]"
"[0.685064935064935, 0.032467532467532464, 0.0, 0.2824675324675325]"
"[0.949238578680203, 0.025380710659898477, 0.0, 0.025380710659898477]"
"[0.9781181619256017, 0.02188183807439825, 0.0, 0.0]"
"[0.4444444444444444, 0.017094017094017096, 0.011396011396011397, 0.5270655270655271]"
"[0.6881028938906752, 0.03215434083601286, 0.0, 0.2797427652733119]"
"[0.8679775280898876, 0.011235955056179775, 0.016853932584269662, 0.10393258426966293]"
"[0.7573839662447257, 0.02109704641350211, 0.0, 0.22151898734177214]"
"[0.9693251533742331, 0.03067484662576687, 0.0, 0.0]"
"[0.861244019138756, 0.009569377990430622, 0.014354066985645933, 0.11483253588516747]"
"[0.6097560975609756, 0.008130081300813009, 0.012195121951219513, 0.3699186991869919]"
"[0.9786324786324786, 0.021367521367521368, 0.0, 0.0]"
"[0.969309462915601, 0.02557544757033248, 0.0, 0.005115089514066497]"
"[0.9791666666666666, 0.020833333333333332, 0.0, 0.0]"
"[0.9766899766899767, 0.023310023310023312, 0.0, 0.0]"
"[0.4887063655030801, 0.008213552361396304, 0.012320328542094456, 0.49075975359342916]"
"[0.9171779141104295, 0.03067484662576687, 0.0, 0.05214723926380368]"
"[0.8369905956112853, 0.03134796238244514, 0.0, 0.13166144200626959]"
"[0.790650406504065, 0.02032520325203252, 0.0, 0.18902439024390244]"
"[0.722488038277512, 0.023923444976076555, 0.0, 0.2535885167464115]"
"[0.8518518518518519, 0.00823045267489712, 0.012345679012345678, 0.12757201646090535]"
"[0.49658314350797267, 0.022779043280182234, 0.0, 0.4806378132118451]"
"[0.1751592356687898, 0.03184713375796178, 0.0, 0.7929936305732485]"
"[0.5073529411764706, 0.024509803921568627, 0.0, 0.4681372549019608]"
"[0.6842105263157895, 0.02506265664160401, 0.0, 0.2907268170426065]"
"[0.7438271604938271, 0.030864197530864196, 0.0, 0.22530864197530864]"
"[0.8693586698337292, 0.023752969121140142, 0.0, 0.10688836104513064]"
"[0.5512820512820513, 0.01282051282051282, 0.019230769230769232, 0.4166666666666667]"
"[0.8817635270541082, 0.008016032064128256, 0.012024048096192385, 0.09819639278557114]"
"[0.9201101928374655, 0.027548209366391185, 0.0, 0.05234159779614325]"
"[0.8979166666666667, 0.020833333333333332, 0.0, 0.08125]"
"[0.8269230769230769, 0.021367521367521368, 0.0, 0.1517094017094017]"
"[0.883054892601432, 0.02386634844868735, 0.0, 0.09307875894988067]"
"[0.4222873900293255, 0.02932551319648094, 0.0, 0.5483870967741935]"
"[0.9215116279069767, 0.029069767441860465, 0.0, 0.04941860465116279]"
"[0.9770114942528736, 0.022988505747126436, 0.0, 0.0]"
"[0.9523809523809523, 0.023809523809523808, 0.0, 0.023809523809523808]"
"[0.9728997289972899, 0.02710027100271003, 0.0, 0.0]"
"[0.15789473684210525, 0.02506265664160401, 0.012531328320802004, 0.8045112781954887]"
"[0.5943204868154158, 0.008113590263691683, 0.012170385395537525, 0.385395537525355]"
"[0.5042016806722689, 0.028011204481792718, 0.0, 0.4677871148459384]"
"[0.9706601466992665, 0.029339853300733496, 0.0, 0.0]"
"[0.6688034188034188, 0.021367521367521368, 0.0, 0.30982905982905984]"
"[0.13763440860215054, 0.021505376344086023, 0.0, 0.8408602150537634]"
"[0.37054631828978624, 0.009501187648456057, 0.014251781472684086, 0.6057007125890737]"
"[0.19444444444444445, 0.030864197530864196, 0.0, 0.7746913580246914]"
"[0.6840579710144927, 0.028985507246376812, 0.0, 0.28695652173913044]"
"[0.8199445983379502, 0.027700831024930747, 0.0, 0.1523545706371191]"
"[0.5968819599109132, 0.022271714922048998, 0.0, 0.38084632516703787]"
"[0.5591836734693878, 0.00816326530612245, 0.012244897959183673, 0.4204081632653061]"
"[0.5302325581395348, 0.009302325581395349, 0.013953488372093023, 0.44651162790697674]"
"[0.7165109034267912, 0.03115264797507788, 0.0, 0.2523364485981308]"
"[0.6708542713567839, 0.010050251256281407, 0.01507537688442211, 0.30402010050251255]"
"[0.9744897959183674, 0.025510204081632654, 0.0, 0.0]"
"[0.780952380952381, 0.023809523809523808, 0.0, 0.19523809523809524]"
"[0.9580645161290322, 0.035483870967741936, 0.0, 0.0064516129032258064]"
"[0.6907894736842105, 0.021929824561403508, 0.0, 0.28728070175438597]"
"[0.9555555555555556, 0.030555555555555555, 0.0, 0.013888888888888888]"
"[0.9769585253456221, 0.02304147465437788, 0.0, 0.0]"
"[0.31297709923664124, 0.02544529262086514, 0.0, 0.6615776081424937]"
"[0.5195071868583162, 0.008213552361396304, 0.012320328542094456, 0.459958932238193]"
"[0.8105263157894737, 0.010526315789473684, 0.01263157894736842, 0.16631578947368422]"
"[0.8025210084033614, 0.008403361344537815, 0.012605042016806723, 0.17647058823529413]"
"[0.7890173410404624, 0.028901734104046242, 0.0, 0.18208092485549132]"
"[0.7840616966580977, 0.02056555269922879, 0.015424164524421594, 0.17994858611825193]"
"[0.962059620596206, 0.01084010840108401, 0.016260162601626018, 0.01084010840108401]"
"[0.9708333333333333, 0.008333333333333333, 0.0125, 0.008333333333333333]"
"[0.9747474747474747, 0.025252525252525252, 0.0, 0.0]"
"[0.9692307692307692, 0.03076923076923077, 0.0, 0.0]"
"[0.978021978021978, 0.02197802197802198, 0.0, 0.0]"
"[0.45686900958466453, 0.03194888178913738, 0.0, 0.5111821086261981]"
"[0.543026706231454, 0.011869436201780416, 0.017804154302670624, 0.42729970326409494]"
"[0.8969957081545065, 0.008583690987124463, 0.012875536480686695, 0.0815450643776824]"
"[0.96996996996997, 0.03003003003003003, 0.0, 0.0]"
